602
599 -3 +1
603 +4 -4
598 -5 0
594 -4 0
591 -3
595 +4
590 -5
586 -4
583 -3
587 +4
582 -5
578 -4
575 -3
579 +4
574
570
567
571
566
562
559
563
558
554
551
555
550
546
543
547
542
538
535
539
534
530
527
531
526
522
519
523
518
514
511
515
510
506
503
507
502
498
495
499
494
490
487
491
486
482
479
483
478
474
471
475
470
466
463
467
462
458
455
459
454
450
447
451
446
442
439
443
438
434
431
435
430
426
423
427
422
418
415
419
414
410
407
411
406
402
399
403
398
394
391
395
390
386
383
387
382
378
375
379
374
370
367
371
366
362
359
363
358
354
351
355
350
346
343
347
342
338
335
339
334
330
327
331
326
322
319
323
318
314
311
315
310
306
303
307
302
298
295
299
294
290
287
291
286
282
279
283
278
274
271
275
270
266
263
267
262
258
255
259
254
250
247
251
246
242
239
243
238
234
231
235
230
226
223
227
222
218
215
219
214
210
207
211
206
202
199
203
198
194
191
195
190
186
183
187
182
178
175
179
174
170
167
171
166
162
159
163
158
154
151
155
150
146
143
147
142
138
135
139
134
130
127
131
126
122
119
123
118
114
111
603
604 +1
600 -4
600 0
600 0
601 +1
597 -4
597 0
597 0
598 +1
594 -4
594
594
595
591
591
591
592
588
588
588
589
585
585
585
586
582
582
582
583
579
579
579
580
576
576
576
577
573
573
573
574
570
570
570
571
567
567
567
568
564
564
564
565
561
561
561
562
558
558
558
559
555
555
555
556
552
552
552
553
549
549
549
550
546
546
546
547
543
543
543
544
540
540
540
541
537
537
537
538
534
534
534
535
531
531
531
532
528
528
528
529
525
525
525
526
522
522
522
523
519
519
519
520
516
516
516
517
513
513
513
514
510
510
510
511
507
507
507
508
504
504
504
505
501
501
501
502
498
498
498
499
495
495
495
496
492
492
492
493
489
489
489
490
486
486
486
487
483
483
483
484
480
480
480
481
477
477
477
478
474
474
474
475
471
471
471
472
468
468
468
469
465
465
465
466
462
462
462
463
459
459
459
460
456
456
456
457
453
453
453
454
450
450
450
451
447
447
447
448
444
444
444
445
441
441
441
442
438
438
438
439
435
435
435
436
432
432
432
433
429
429
429
430
426
426
426
427
423
423
423
424
420
420
420
421
417
417
417
418
414
414
414
415
411
411
411
412
408
408
408
409
405
405
405
406
402
402
402
403
399
399
399
400
396
396
396
397
393
393
393
394
390
390
390
391
387
387
387
388
384
384
384
385
381
381
381
382
378
378
378
379
375
375
375
376
372
372
372
373
369
369
369
370
366
366
366
367
363
363
363
364
360
360
360
361
357
357
357
358
354
354
354
355
351
351
351
352
348
348
348
349
345
345
345
346
342
342
342
343
339
339
339
340
336
336
336
337
333
333
333
334
330
330
330
331
327
327
327
328
324
324
324
325
321
321
321
322
318
318
318
319
315
315
315
316
312
312
312
313
309
309
309
310
306
306
306
307
303
303
303
304
300
300
300
301
297
297
297
298
294
294
294
295
291
291
291
292
288
288
288
289
285
285
285
286
282
282
282
283
279
279
279
280
276
276
276
277
273
273
273
274
270
270
270
271
267
267
267
268
264
264
264
265
261
261
261
262
258
258
258
259
255
255
255
256
252
252
252
253
249
249
249
250
246
246
246
247
243
243
243
244
240
240
240
241
237
237
237
238
234
234
234
235
231
231
231
232
228
228
228
229
225
225
225
226
222
222
222
223
219
219
219
220
216
216
216
217
213
213
213
214
210
210
210
211
207
207
207
208
204
204
204
205
201
201
201
202
198
198
198
199
195
195
195
196
192
192
192
193
189
189
189
190
186
186
186
187
183
183
183
184
180
180
180
181
177
177
177
178
174
174
174
175
171
171
171
172
168
168
168
169
165
165
165
166
162
162
162
163
159
159
159
160
156
156
156
157
153
153
153
154
150
150
150
151
147
147
147
148
144
144
144
145
141
141
141
142
138
138
138
139
135
135
135
136
132
132
132
133
129
129
129
130
126
126
126
127
123
123
123
124
120
120
120
121
117
117
117
118
114
114
114
115
111
600
599
601
601
594
593
595
595
588
587
589
589
582
581
583
583
576
575
577
577
570
569
571
571
564
563
565
565
558
557
559
559
552
551
553
553
546
545
547
547
540
539
541
541
534
533
535
535
528
527
529
529
522
521
523
523
516
515
517
517
510
509
511
511
504
503
505
505
498
497
499
499
492
491
493
493
486
485
487
487
480
479
481
481
474
473
475
475
468
467
469
469
462
461
463
463
456
455
457
457
450
449
451
451
444
443
445
445
438
437
439
439
432
431
433
433
426
425
427
427
420
419
421
421
414
413
415
415
408
407
409
409
402
401
403
403
396
395
397
397
390
389
391
391
384
383
385
385
378
377
379
379
372
371
373
373
366
365
367
367
360
359
361
361
354
353
355
355
348
347
349
349
342
341
343
343
336
335
337
337
330
329
331
331
324
323
325
325
318
317
319
319
312
311
313
313
306
305
307
307
300
299
301
301
294
293
295
295
288
287
289
289
282
281
283
283
276
275
277
277
270
269
271
271
264
263
265
265
258
257
259
259
252
251
253
253
246
245
247
247
240
239
241
241
234
233
235
235
228
227
229
229
222
221
223
223
216
215
217
217
210
209
211
211
204
203
205
205
198
197
199
199
192
191
193
193
186
185
187
187
180
179
181
181
174
173
175
175
168
167
169
169
162
161
163
163
156
155
157
157
150
149
151
151
144
143
145
145
138
137
139
139
132
131
133
133
126
125
127
127
120
119
121
121
114
113
115
115
108
605
602
602
598
604
601
601
597
603
600
600
596
602
599
599
595
601
598
598
594
600
597
597
593
599
596
596
592
598
595
595
591
597
594
594
590
596
593
593
589
595
592
592
588
594
591
591
587
593
590
590
586
592
589
589
585
591
588
588
584
590
587
587
583
589
586
586
582
588
585
585
581
587
584
584
580
586
583
583
579
585
582
582
578
584
581
581
577
583
580
580
576
582
579
579
575
581
578
578
574
580
577
577
573
579
576
576
572
578
575
575
571
577
574
574
570
576
573
573
569
575
572
572
568
574
571
571
567
573
570
570
566
572
569
569
565
571
568
568
564
570
567
567
563
569
566
566
562
568
565
565
561
567
564
564
560
566
563
563
559
565
562
562
558
564
561
561
557
563
560
560
556
562
559
559
555
561
558
558
554
560
557
557
553
559
556
556
552
558
555
555
551
557
554
554
550
556
553
553
549
555
552
552
548
554
551
551
547
553
550
550
546
552
549
549
545
551
548
548
544
550
547
547
543
549
546
546
542
548
545
545
541
547
544
544
540
546
543
543
539
545
542
542
538
544
541
541
537
543
540
540
536
542
539
539
535
541
538
538
534
540
537
537
533
539
536
536
532
538
535
535
531
537
534
534
530
536
533
533
529
535
532
532
528
534
531
531
527
533
530
530
526
532
529
529
525
531
528
528
524
530
527
527
523
529
526
526
522
528
525
525
521
527
524
524
520
526
523
523
519
525
522
522
518
524
521
521
517
523
520
520
516
522
519
519
515
521
518
518
514
520
517
517
513
519
516
516
512
518
515
515
511
517
514
514
510
516
513
513
509
515
512
512
508
514
511
511
507
513
510
510
506
512
509
509
505
511
508
508
504
510
507
507
503
509
506
506
502
508
505
505
501
507
504
504
500
506
503
503
499
505
502
502
498
504
501
501
497
503
500
500
496
502
499
499
495
501
498
498
494
500
497
497
493
499
496
496
492
498
495
495
491
497
494
494
490
496
493
493
489
495
492
492
488
494
491
491
487
493
490
490
486
492
489
489
485
491
488
488
484
490
487
487
483
489
486
486
482
488
485
485
481
487
484
484
480
486
483
483
479
485
482
482
478
484
481
481
477
483
480
480
476
482
479
479
475
481
478
478
474
480
477
477
473
479
476
476
472
478
475
475
471
477
474
474
470
476
473
473
469
475
472
472
468
474
471
471
467
473
470
470
466
472
469
469
465
471
468
468
464
470
467
467
463
469
466
466
462
468
465
465
461
467
464
464
460
466
463
463
459
465
462
462
458
464
461
461
457
463
460
460
456
462
459
459
455
461
458
458
454
460
457
457
453
459
456
456
452
458
455
455
451
457
454
454
450
456
453
453
449
455
452
452
448
454
451
451
447
453
450
450
446
452
449
449
445
451
448
448
444
450
447
447
443
449
446
446
442
448
445
445
441
447
444
444
440
446
443
443
439
445
442
442
438
444
441
441
437
443
440
440
436
442
439
439
435
441
438
438
434
440
437
437
433
439
436
436
432
438
435
435
431
437
434
434
430
436
433
433
429
435
432
432
428
434
431
431
427
433
430
430
426
432
429
429
425
431
428
428
424
430
427
427
423
429
426
426
422
428
425
425
421
427
424
424
420
426
423
423
419
425
422
422
418
424
421
421
417
423
420
420
416
422
419
419
415
421
418
418
414
420
417
417
413
419
416
416
412
418
415
415
411
417
414
414
410
416
413
413
409
415
412
412
408
414
411
411
407
413
410
410
406
412
409
409
405
411
408
408
404
410
407
407
403
409
406
406
402
408
405
405
401
407
404
404
400
406
403
403
399
405
402
402
398
404
401
401
397
403
400
400
396
402
399
399
395
401
398
398
394
400
397
397
393
399
396
396
392
398
395
395
391
397
394
394
390
396
393
393
389
395
392
392
388
394
391
391
387
393
390
390
386
392
389
389
385
391
388
388
384
390
387
387
383
389
386
386
382
388
385
385
381
387
384
384
380
386
383
383
379
385
382
382
378
384
381
381
377
383
380
380
376
382
379
379
375
381
378
378
374
380
377
377
373
379
376
376
372
378
375
375
371
377
374
374
370
376
373
373
369
375
372
372
368
374
371
371
367
373
370
370
366
372
369
369
365
371
368
368
364
370
367
367
363
369
366
366
362
368
365
365
361
367
364
364
360
366
363
363
359
365
362
362
358
364
361
361
357
363
360
360
356
362
359
359
355
361
358
358
354
360
357
357
353
359
356
356
352
358
355
355
351
357
354
354
350
356
353
353
349
355
352
352
348
354
351
351
347
353
350
350
346
352
349
349
345
351
348
348
344
350
347
347
343
349
346
346
342
348
345
345
341
347
344
344
340
346
343
343
339
345
342
342
338
344
341
341
337
343
340
340
336
342
339
339
335
341
338
338
334
340
337
337
333
339
336
336
332
338
335
335
331
337
334
334
330
336
333
333
329
335
332
332
328
334
331
331
327
333
330
330
326
332
329
329
325
331
328
328
324
330
327
327
323
329
326
326
322
328
325
325
321
327
324
324
320
326
323
323
319
325
322
322
318
324
321
321
317
323
320
320
316
322
319
319
315
321
318
318
314
320
317
317
313
319
316
316
312
318
315
315
311
317
314
314
310
316
313
313
309
315
312
312
308
314
311
311
307
313
310
310
306
312
309
309
305
311
308
308
304
310
307
307
303
309
306
306
302
308
305
305
301
307
304
304
300
306
303
303
299
305
302
302
298
304
301
301
297
303
300
300
296
302
299
299
295
301
298
298
294
300
297
297
293
299
296
296
292
298
295
295
291
297
294
294
290
296
293
293
289
295
292
292
288
294
291
291
287
293
290
290
286
292
289
289
285
291
288
288
284
290
287
287
283
289
286
286
282
288
285
285
281
287
284
284
280
286
283
283
279
285
282
282
278
284
281
281
277
283
280
280
276
282
279
279
275
281
278
278
274
280
277
277
273
279
276
276
272
278
275
275
271
277
274
274
270
276
273
273
269
275
272
272
268
274
271
271
267
273
270
270
266
272
269
269
265
271
268
268
264
270
267
267
263
269
266
266
262
268
265
265
261
267
264
264
260
266
263
263
259
265
262
262
258
264
261
261
257
263
260
260
256
262
259
259
255
261
258
258
254
260
257
257
253
259
256
256
252
258
255
255
251
257
254
254
250
256
253
253
249
255
252
252
248
254
251
251
247
253
250
250
246
252
249
249
245
251
248
248
244
250
247
247
243
249
246
246
242
248
245
245
241
247
244
244
240
246
243
243
239
245
242
242
238
244
241
241
237
243
240
240
236
242
239
239
235
241
238
238
234
240
237
237
233
239
236
236
232
238
235
235
231
237
234
234
230
236
233
233
229
235
232
232
228
234
231
231
227
233
230
230
226
232
229
229
225
231
228
228
224
230
227
227
223
229
226
226
222
228
225
225
221
227
224
224
220
226
223
223
219
225
222
222
218
224
221
221
217
223
220
220
216
222
219
219
215
221
218
218
214
220
217
217
213
219
216
216
212
218
215
215
211
217
214
214
210
216
213
213
209
215
212
212
208
214
211
211
207
213
210
210
206
212
209
209
205
211
208
208
204
210
207
207
203
209
206
206
202
208
205
205
201
207
204
204
200
206
203
203
199
205
202
202
198
204
201
201
197
203
200
200
196
202
199
199
195
201
198
198
194
200
197
197
193
199
196
196
192
198
195
195
191
197
194
194
190
196
193
193
189
195
192
192
188
194
191
191
187
193
190
190
186
192
189
189
185
191
188
188
184
190
187
187
183
189
186
186
182
188
185
185
181
187
184
184
180
186
183
183
179
185
182
182
178
184
181
181
177
183
180
180
176
182
179
179
175
181
178
178
174
180
177
177
173
179
176
176
172
178
175
175
171
177
174
174
170
176
173
173
169
175
172
172
168
174
171
171
167
173
170
170
166
172
169
169
165
171
168
168
164
170
167
167
163
169
166
166
162
168
165
165
161
167
164
164
160
166
163
163
159
165
162
162
158
164
161
161
157
163
160
160
156
162
159
159
155
161
158
158
154
160
157
157
153
159
156
156
152
158
155
155
151
157
154
154
150
156
153
153
149
155
152
152
148
154
151
151
147
153
150
150
146
152
149
149
145
151
148
148
144
150
147
147
143
149
146
146
142
148
145
145
141
147
144
144
140
146
143
143
139
145
142
142
138
144
141
141
137
143
140
140
136
142
139
139
135
141
138
138
134
140
137
137
133
139
136
136
132
138
135
135
131
137
134
134
130
136
133
133
129
135
132
132
128
134
131
131
127
133
130
130
126
132
129
129
125
131
128
128
124
130
127
127
123
129
126
126
122
128
125
125
121
127
124
124
120
126
123
123
119
125
122
122
118
124
121
121
117
123
120
120
116
122
119
119
115
121
118
118
114
120
117
117
113
119
116
116
112
118
115
115
111
